2147483647C
0 0
55158 1
1179 1
2668 1
41227 1
3834 1
2683 1
2652 1
9438 1
9900 1
86640 1
12458 1
2648 1
-3911 -1
-1203 -1
11176 1
11052 1
10532 1
10836 1
10837 1
11057 1
10852 1
10868 1
10878 1
10856 1
10831 1
10829 1
10835 1
15609 1
10838 1
10839 1
13429 1
11040 1
10858 1
10847 1
6297 1
10871 1
10888 1
14246 1
12012 1
17109 1
11330 1
18729 1
17905 1
11024 1
11381 1
16275 1
13034 1
10827 1
16325 1
43949 1
1451 1
16994 1
16995 1
2326 1
2327 1
16903 1
19967 1
18037 1
19966 1
18040 1
17824 1
15896 1
17824 1
15890 1
20299 1
16813 1
16815 1
22284 1
22298 1
18449 1
22293 1
18446 1
22549 1
18438 1
22548 1
18437 1
22593 1
18510 1
22771 1
22752 1
18854 1
141840 1
135554 1
136360 1
138741 1
138409 1
137299 1
138462 1
-41606 -2
-207662 -10
-301800 -18
143566 1
144254 1
39266 1
22733 1
22780 1
18850 1
39849 1
38695 1
-45513 -2
-18850 -1
38686 1
22739 1
18856 1
44462 1
22747 1
18853 1
22733 1
18850 1
22730 1
18845 1
22748 1
22744 1
18846 1
18857 1
22745 1
18846 1
23243 1
18855 1
23274 1
3861 1
2828343 1
3786 1
2691268 1
5813 1
2699260 1
5834 1
25153 1
15625 1
21252 1
27352 1
21379 1
28447 1
28459 1
28469 1
28469 1
10504 1
10799 1
11038 1
10996 1
10791 1
10999 1
16442 1
11004 1
11203 1
11011 1
11033 1
11069 1
11003 1
10826 1
11038 1
11000 1
10996 1
10994 1
11008 1
28298 1
17804 1
19400 1
12739 1
13818 1
11017 1
11056 1
11019 1
13186 1
17797 1
27182 1
29749 1
1152 1
12181 1
11044 1
56486 1
20874 1
20069 1
20246 1
19527 1
19105 1
26124 1
20271 1
18931 1
26511 1
8506 1
1246394 1
18447 1
3893 1
5280 1
9237 1
9211 1
4718 1
5005 1
25315 1
25215 1
5005 1
6919 1
