2147483647C
22680 11
-3178 -1
3332 1
-3332 -1
3673 1
-3673 -1
8400799 1
-8400799 -1
3695 1
-3695 -1
12314 1
-12314 -1
3632 1
-3632 -1
3475 1
-3475 -1
4146 1
-4146 -1
3371 1
-3371 -1
3173 1
-3173 -1
21469 1
-21469 -1
27321 1
-27321 -1
52052 1
-52052 -1
8673 1
3920 1
-12593 -2
7865586 1
-7865586 -1
2417 1
-2417 -1
3335 1
-3335 -1
27708988 1
-27708988 -1
4203 1
-4203 -1
6049 1
-6049 -1
3381212 1
-3381212 -1
3371 1
-3371 -1
3622 1
-3622 -1
24835 1
-24835 -1
42743 1
-42743 -1
3375 1
-3375 -1
97794 1
-97794 -1
3719 1
-3719 -1
7533 1
-7533 -1
4224 1
-4224 -1
393202 1
-393202 -1
3762 1
-3762 -1
215177 1
-215177 -1
6553 1
-6553 -1
1986645 1
-1986645 -1
23460 1
-23460 -1
3666 1
-3666 -1
3476 1
-3476 -1
3574 1
-3574 -1
3318 1
-3318 -1
4760 1
-4760 -1
113335 1
-113335 -1
3086126 1
3088773 1
-6174899 -2
22835 1
-22835 -1
7848 1
-7848 -1
1664073 1
-1664073 -1
4100 1
-4100 -1
3141 1
3141 1
-6282 -2
2466 1
-2466 -1
7513 1
-7513 -1
453274 1
-453274 -1
3790 1
-3790 -1
27048 1
-27048 -1
910166 1
-910166 -1
174573 1
-174573 -1
2405 1
-2405 -1
3746 1
-3746 -1
22526 1
-22526 -1
59408 1
-59408 -1
5467 1
-5467 -1
22893 1
-22893 -1
38882 1
-38882 -1
1526964 1
-1526964 -1
2929 1
-2929 -1
129663 1
-129663 -1
4237 1
-4237 -1
3364 1
-3364 -1
5153 1
-5153 -1
2840 1
-2840 -1
7495 1
-7495 -1
773796 1
-773796 -1
4560 1
-4560 -1
445286 1
-445286 -1
23260 1
30914 1
-54174 -2
283239 1
-283239 -1
3848 1
-3848 -1
2271 1
-2271 -1
2460 1
-2460 -1
3075323 1
-3075323 -1
64604 1
-64604 -1
3507 1
-3507 -1
55958 1
-55958 -1
3707 1
-3707 -1
1564 1
-1564 -1
179007 1
-179007 -1
4407 1
-4407 -1
5722 1
-5722 -1
23438 1
-23438 -1
5156 1
-5156 -1
4139 1
-4139 -1
2901 1
-2901 -1
4581 1
-4581 -1
23557 1
-23557 -1
7965053 1
-7965053 -1
23128 1
-23128 -1
2629 1
-2629 -1
782250 1
-782250 -1
4129 1
-4129 -1
2872957 1
-2872957 -1
7297 1
-7297 -1
174547 1
618248 1
-792795 -2
59670 1
-59670 -1
2789 1
-2789 -1
34850 1
-34850 -1
23720 1
-23720 -1
5127 1
-5127 -1
323226 1
-323226 -1
22876 1
-22876 -1
3966 1
-3966 -1
2564 1
-2564 -1
4366 1
-4366 -1
3994 1
-3994 -1
9676 1
-9676 -1
58206 1
-58206 -1
12240 1
-12240 -1
5364 1
-5364 -1
19719 1
-19719 -1
3607 1
-3607 -1
9933 1
-9933 -1
32166 1
-32166 -1
23672 1
-23672 -1
6537 1
-6537 -1
25767 1
-25767 -1
5203 1
-5203 -1
2579 1
-2579 -1
62071 1
-62071 -1
17651 1
-17651 -1
18134 1
24071 1
-42205 -2
23412 1
-23412 -1
2488 1
-2488 -1
24533 1
-24533 -1
38167 1
-38167 -1
23242 1
-23242 -1
20956 1
-20956 -1
4830 1
-4830 -1
14484 1
-14484 -1
14907 1
-14907 -1
30364 1
-30364 -1
4558 1
-4558 -1
12055 1
-12055 -1
34278 1
-34278 -1
13278 1
-13278 -1
14075 1
-14075 -1
11454 1
-11454 -1
15148 1
-15148 -1
22995 1
-22995 -1
15208 1
-15208 -1
2896416 1
-2896416 -1
12257 1
-12257 -1
11893 1
31439 1
-43332 -2
464903 1
15643 1
-480546 -2
12801 1
-12801 -1
61913 1
-61913 -1
12711 1
-12711 -1
15424 1
-15424 -1
60089 1
-60089 -1
12470 1
-12470 -1
23390 1
-23390 -1
3929 1
-3929 -1
11414 1
-11414 -1
14097 1
-14097 -1
70659 1
-70659 -1
16176 1
-16176 -1
21213 1
-21213 -1
12706 1
-12706 -1
17876 1
-17876 -1
80021 1
-80021 -1
15318 1
-15318 -1
15073 1
-15073 -1
17197 1
-17197 -1
4713 1
-4713 -1
4764853 1
-4764853 -1
79848 1
-79848 -1
13607 1
-13607 -1
14410 1
-14410 -1
6682533 1
-6682533 -1
11674 1
-11674 -1
442732 1
-442732 -1
279290 1
-279290 -1
79541 1
-79541 -1
13750 1
-13750 -1
4128 1
-4128 -1
